# The modifications of the output file from Kalibr:
# 1. For each matrix (e.g. cam0/T_cam_imu), remove the brackets and minus sign for each line. Use one pair of brackets for each matrix.
# 2. Add the T_imu_body at the end of the calibration file (usually set to identity).
cam0:
  T_cam_imu:
    [ -0.997672775551585, -0.0320030163799774, -0.0602066430369701,  0.0423207309019151,
      -0.0342066605834683,   0.998768578967988,  0.0359336894570273, 0.00665895685147901,
      0.0589825168581812,  0.0379095318996368,  -0.997538936631661,  0.0181343112840285,
                  0,                   0,                   0,                   1]
  camera_model: pinhole
  distortion_coeffs: [0.08250689448562169, -0.1357393928422835, 0.0012531883835860784, 0.0023951442112985677]
  distortion_model: radtan
  intrinsics: [543.3842491612453, 544.2921261127659, 314.6691560896062, 247.26840341525454]
  resolution: [640, 480]
  timeshift_cam_imu: 0.0
cam1:
  T_cam_imu:
    [ -0.992120671919296,   -0.0476214287462966,    -0.115882577959607,     0.002904861416261,
      -0.0479340061514231,     0.998850500849351, -8.94833705730278e-05,   0.00596616284701242,
      0.115753632360623,   0.00546593790302007,    -0.993262915908049,    0.0155259902412508,
                    0,                     0,                     0,                     1]
  T_cn_cnm1:
    [     0.9983127148054501, -0.01778974020505829, 0.055274303262968054, -0.040228362651934677,
          0.01586161151391639, 0.9992569421459471, 0.03512794974533782,   -0.0019961421822811414,
         -0.05585814835770716, -0.034191939350758045, 0.9978530846499801, 2.2252102610954692e-05, 
                     0,                   0,                   0,         1.000000000000000]
  camera_model: pinhole
  distortion_coeffs: [0.08253042527833267, -0.14505826107635525, 0.0013541582378099996, 0.0011886703794275369]
  distortion_model: radtan
  intrinsics: [541.3586168114679, 542.3068819736292, 327.3704383117864, 208.34899439192657]
  resolution: [640, 480]
  timeshift_cam_imu: 0.0
T_imu_body:
  [1.0000, 0.0000, 0.0000, 0.0000,
  0.0000, 1.0000, 0.0000, 0.0000,
  0.0000, 0.0000, 1.0000, 0.0000,
  0.0000, 0.0000, 0.0000, 1.0000]

