# The modifications of the output file from Kalibr:
# 1. For each matrix (e.g. cam0/T_cam_imu), remove the brackets and minus sign for each line. Use one pair of brackets for each matrix.
# 2. Add the T_imu_body at the end of the calibration file (usually set to identity).
cam0:
  T_cam_imu:
      [  0.99930799,           0.0339107,          -0.0152839,  0.0203946706466863,
         -0.0328784,          0.99744844,          0.06336898,  -0.000350008080821,
         0.01739379,         -0.06282262,          0.99787313, -0.0054384471276456,
                  0,                   0,                   0,                   1]
  camera_model: pinhole
  distortion_coeffs: [-0.008228094308485197, -0.003174233859681989, 0.016317903114715676,-0.007297265502652538]
  distortion_model: radtan
  intrinsics: [280.59513653259535, 279.22178560406337, 323.1385397086218, 234.66238683322598]
  resolution: [640, 480]
  timeshift_cam_imu: 0.0
cam1:
  T_cam_imu:
    [ 0.998872176987803,   0.0301850848237445,   -0.036650057092576,  -0.0530096262511279,
      -0.027051703651729,     0.99616805791975,   0.0831709860874927, 0.000182458726978983,
      0.039020140493698,  -0.0820857396334023,    0.995861119428703,  -0.0050475432050585,
                   0,                    0,                    0,                    1]
  T_cn_cnm1:
    [     0.9997647085967574, -0.005055731795065236, -0.021094241405064388, -0.07351598767070106,
          0.005476593703239721, 0.9997861453949735, 0.019941674896269107, 0.0005291503766768696,
          0.020988910544580474, -0.020052507381253373, 0.9995785924987961, -4.6468337241035515e-05,
                     0,                   0,                   0,         1.000000000000000]
  camera_model: pinhole
  distortion_coeffs: [0.08253042527833267, -0.14505826107635525, 0.0013541582378099996, 0.0011886703794275369]
  distortion_model: radtan
  intrinsics: [280.29364491046465, 278.88157099768097, 316.6442983894223, 241.52600683369198]
  resolution: [640, 480]
  timeshift_cam_imu: 0.0
T_imu_body:
  [1.0000, 0.0000, 0.0000, 0.0000,
  0.0000, 1.0000, 0.0000, 0.0000,
  0.0000, 0.0000, 1.0000, 0.0000,
  0.0000, 0.0000, 0.0000, 1.0000]

